Task(id=0, description=Some task, taskStatus=NOT_STARTED, creationDate=2024-02-20T15:59:19.329145500)
Task(id=0, description=Some task 2, taskStatus=NOT_STARTED, creationDate=2024-02-20T15:59:28.354333100)
